≤ª∆•≈‰ 9,61	61,9
≤ª∆•≈‰ 25,61	61,25
≤ª∆•≈‰ 30,137	137,30
≤ª∆•≈‰ 50,107	107,50
≤ª∆•≈‰ 50,137	137,50
≤ª∆•≈‰ 50,154	154,50
≤ª∆•≈‰ 55,107	107,55
≤ª∆•≈‰ 57,137	137,57
≤ª∆•≈‰ 61,9	9,61
≤ª∆•≈‰ 61,25	25,61
≤ª∆•≈‰ 83,149	149,83
≤ª∆•≈‰ 104,137	137,104
≤ª∆•≈‰ 106,154	154,106
≤ª∆•≈‰ 107,50	50,107
≤ª∆•≈‰ 107,55	55,107
≤ª∆•≈‰ 134,137	137,134
≤ª∆•≈‰ 137,30	30,137
≤ª∆•≈‰ 137,50	50,137
≤ª∆•≈‰ 137,57	57,137
≤ª∆•≈‰ 137,104	104,137
≤ª∆•≈‰ 137,134	134,137
≤ª∆•≈‰ 149,83	83,149
≤ª∆•≈‰ 154,50	50,154
≤ª∆•≈‰ 154,106	106,154
